Ave : 0.474003
Std : 0.283831
Min : 0.007576
Max : 0.973549
